Sr89 - 2.4mm - Bone compact			
i	j	k	S [mGy/(MBq·s)]
0	0	0	2.09E+00
0	0	1	1.94E-01
0	0	2	1.83E-04
0	0	3	4.27E-06
0	0	4	2.04E-06
0	0	5	1.17E-06
0	1	0	1.94E-01
0	1	1	2.86E-02
0	1	2	3.87E-05
0	1	3	3.72E-06
0	1	4	1.89E-06
0	1	5	1.11E-06
0	2	0	1.83E-04
0	2	1	3.87E-05
0	2	2	5.01E-06
0	2	3	2.66E-06
0	2	4	1.55E-06
0	2	5	9.69E-07
0	3	0	4.27E-06
0	3	1	3.72E-06
0	3	2	2.66E-06
0	3	3	1.76E-06
0	3	4	1.17E-06
0	3	5	8.05E-07
0	4	0	2.04E-06
0	4	1	1.89E-06
0	4	2	1.55E-06
0	4	3	1.17E-06
0	4	4	8.65E-07
0	4	5	6.40E-07
0	5	0	1.17E-06
0	5	1	1.11E-06
0	5	2	9.69E-07
0	5	3	8.05E-07
0	5	4	6.40E-07
0	5	5	5.03E-07
1	0	0	1.94E-01
1	0	1	2.86E-02
1	0	2	3.87E-05
1	0	3	3.72E-06
1	0	4	1.89E-06
1	0	5	1.11E-06
1	1	0	2.86E-02
1	1	1	4.94E-03
1	1	2	1.23E-05
1	1	3	3.29E-06
1	1	4	1.76E-06
1	1	5	1.06E-06
1	2	0	3.87E-05
1	2	1	1.23E-05
1	2	2	4.28E-06
1	2	3	2.42E-06
1	2	4	1.45E-06
1	2	5	9.36E-07
1	3	0	3.72E-06
1	3	1	3.29E-06
1	3	2	2.42E-06
1	3	3	1.64E-06
1	3	4	1.12E-06
1	3	5	7.74E-07
1	4	0	1.89E-06
1	4	1	1.76E-06
1	4	2	1.45E-06
1	4	3	1.12E-06
1	4	4	8.32E-07
1	4	5	6.24E-07
1	5	0	1.11E-06
1	5	1	1.06E-06
1	5	2	9.36E-07
1	5	3	7.74E-07
1	5	4	6.24E-07
1	5	5	4.90E-07
2	0	0	1.83E-04
2	0	1	3.87E-05
2	0	2	5.01E-06
2	0	3	2.66E-06
2	0	4	1.55E-06
2	0	5	9.69E-07
2	1	0	3.87E-05
2	1	1	1.23E-05
2	1	2	4.28E-06
2	1	3	2.42E-06
2	1	4	1.45E-06
2	1	5	9.36E-07
2	2	0	5.01E-06
2	2	1	4.28E-06
2	2	2	2.95E-06
2	2	3	1.89E-06
2	2	4	1.23E-06
2	2	5	8.36E-07
2	3	0	2.66E-06
2	3	1	2.42E-06
2	3	2	1.89E-06
2	3	3	1.37E-06
2	3	4	9.75E-07
2	3	5	7.01E-07
2	4	0	1.55E-06
2	4	1	1.45E-06
2	4	2	1.23E-06
2	4	3	9.75E-07
2	4	4	7.49E-07
2	4	5	5.72E-07
2	5	0	9.69E-07
2	5	1	9.36E-07
2	5	2	8.36E-07
2	5	3	7.01E-07
2	5	4	5.72E-07
2	5	5	4.59E-07
3	0	0	4.27E-06
3	0	1	3.72E-06
3	0	2	2.66E-06
3	0	3	1.76E-06
3	0	4	1.17E-06
3	0	5	8.05E-07
3	1	0	3.72E-06
3	1	1	3.29E-06
3	1	2	2.42E-06
3	1	3	1.64E-06
3	1	4	1.12E-06
3	1	5	7.74E-07
3	2	0	2.66E-06
3	2	1	2.42E-06
3	2	2	1.89E-06
3	2	3	1.37E-06
3	2	4	9.75E-07
3	2	5	7.01E-07
3	3	0	1.76E-06
3	3	1	1.64E-06
3	3	2	1.37E-06
3	3	3	1.06E-06
3	3	4	8.04E-07
3	3	5	6.01E-07
3	4	0	1.17E-06
3	4	1	1.12E-06
3	4	2	9.75E-07
3	4	3	8.04E-07
3	4	4	6.40E-07
3	4	5	5.04E-07
3	5	0	8.05E-07
3	5	1	7.74E-07
3	5	2	7.01E-07
3	5	3	6.01E-07
3	5	4	5.04E-07
3	5	5	4.10E-07
4	0	0	2.04E-06
4	0	1	1.89E-06
4	0	2	1.55E-06
4	0	3	1.17E-06
4	0	4	8.65E-07
4	0	5	6.40E-07
4	1	0	1.89E-06
4	1	1	1.76E-06
4	1	2	1.45E-06
4	1	3	1.12E-06
4	1	4	8.32E-07
4	1	5	6.24E-07
4	2	0	1.55E-06
4	2	1	1.45E-06
4	2	2	1.23E-06
4	2	3	9.75E-07
4	2	4	7.49E-07
4	2	5	5.72E-07
4	3	0	1.17E-06
4	3	1	1.12E-06
4	3	2	9.75E-07
4	3	3	8.04E-07
4	3	4	6.40E-07
4	3	5	5.04E-07
4	4	0	8.65E-07
4	4	1	8.32E-07
4	4	2	7.49E-07
4	4	3	6.40E-07
4	4	4	5.28E-07
4	4	5	4.29E-07
4	5	0	6.40E-07
4	5	1	6.24E-07
4	5	2	5.72E-07
4	5	3	5.04E-07
4	5	4	4.29E-07
4	5	5	3.60E-07
5	0	0	1.17E-06
5	0	1	1.11E-06
5	0	2	9.69E-07
5	0	3	8.05E-07
5	0	4	6.40E-07
5	0	5	5.03E-07
5	1	0	1.11E-06
5	1	1	1.06E-06
5	1	2	9.36E-07
5	1	3	7.74E-07
5	1	4	6.24E-07
5	1	5	4.90E-07
5	2	0	9.69E-07
5	2	1	9.36E-07
5	2	2	8.36E-07
5	2	3	7.01E-07
5	2	4	5.72E-07
5	2	5	4.59E-07
5	3	0	8.05E-07
5	3	1	7.74E-07
5	3	2	7.01E-07
5	3	3	6.01E-07
5	3	4	5.04E-07
5	3	5	4.10E-07
5	4	0	6.40E-07
5	4	1	6.24E-07
5	4	2	5.72E-07
5	4	3	5.04E-07
5	4	4	4.29E-07
5	4	5	3.60E-07
5	5	0	5.03E-07
5	5	1	4.90E-07
5	5	2	4.59E-07
5	5	3	4.10E-07
5	5	4	3.60E-07
5	5	5	3.09E-07
