Lu177 - 5mm - Soft tissue			
i	j	k	S [mGy/(MBq·s)]
0	0	0	1.58E-01
0	0	1	2.11E-03
0	0	2	1.48E-05
0	0	3	6.65E-06
0	0	4	3.84E-06
0	0	5	2.50E-06
0	1	0	2.11E-03
0	1	1	7.43E-05
0	1	2	1.19E-05
0	1	3	6.02E-06
0	1	4	3.61E-06
0	1	5	2.40E-06
0	2	0	1.48E-05
0	2	1	1.19E-05
0	2	2	7.50E-06
0	2	3	4.67E-06
0	2	4	3.09E-06
0	2	5	2.17E-06
0	3	0	6.65E-06
0	3	1	6.02E-06
0	3	2	4.67E-06
0	3	3	3.41E-06
0	3	4	2.50E-06
0	3	5	1.87E-06
0	4	0	3.84E-06
0	4	1	3.61E-06
0	4	2	3.09E-06
0	4	3	2.50E-06
0	4	4	1.98E-06
0	4	5	1.56E-06
0	5	0	2.50E-06
0	5	1	2.40E-06
0	5	2	2.17E-06
0	5	3	1.87E-06
0	5	4	1.56E-06
0	5	5	1.29E-06
1	0	0	2.11E-03
1	0	1	7.43E-05
1	0	2	1.19E-05
1	0	3	6.02E-06
1	0	4	3.61E-06
1	0	5	2.40E-06
1	1	0	7.43E-05
1	1	1	2.15E-05
1	1	2	9.94E-06
1	1	3	5.48E-06
1	1	4	3.41E-06
1	1	5	2.32E-06
1	2	0	1.19E-05
1	2	1	9.94E-06
1	2	2	6.66E-06
1	2	3	4.35E-06
1	2	4	2.96E-06
1	2	5	2.10E-06
1	3	0	6.02E-06
1	3	1	5.48E-06
1	3	2	4.35E-06
1	3	3	3.25E-06
1	3	4	2.41E-06
1	3	5	1.82E-06
1	4	0	3.61E-06
1	4	1	3.41E-06
1	4	2	2.96E-06
1	4	3	2.41E-06
1	4	4	1.93E-06
1	4	5	1.53E-06
1	5	0	2.40E-06
1	5	1	2.32E-06
1	5	2	2.10E-06
1	5	3	1.82E-06
1	5	4	1.53E-06
1	5	5	1.27E-06
2	0	0	1.48E-05
2	0	1	1.19E-05
2	0	2	7.50E-06
2	0	3	4.67E-06
2	0	4	3.09E-06
2	0	5	2.17E-06
2	1	0	1.19E-05
2	1	1	9.94E-06
2	1	2	6.66E-06
2	1	3	4.35E-06
2	1	4	2.96E-06
2	1	5	2.10E-06
2	2	0	7.50E-06
2	2	1	6.66E-06
2	2	2	5.04E-06
2	2	3	3.60E-06
2	2	4	2.60E-06
2	2	5	1.93E-06
2	3	0	4.67E-06
2	3	1	4.35E-06
2	3	2	3.60E-06
2	3	3	2.82E-06
2	3	4	2.17E-06
2	3	5	1.68E-06
2	4	0	3.09E-06
2	4	1	2.96E-06
2	4	2	2.60E-06
2	4	3	2.17E-06
2	4	4	1.76E-06
2	4	5	1.43E-06
2	5	0	2.17E-06
2	5	1	2.10E-06
2	5	2	1.93E-06
2	5	3	1.68E-06
2	5	4	1.43E-06
2	5	5	1.20E-06
3	0	0	6.65E-06
3	0	1	6.02E-06
3	0	2	4.67E-06
3	0	3	3.41E-06
3	0	4	2.50E-06
3	0	5	1.87E-06
3	1	0	6.02E-06
3	1	1	5.48E-06
3	1	2	4.35E-06
3	1	3	3.25E-06
3	1	4	2.41E-06
3	1	5	1.82E-06
3	2	0	4.67E-06
3	2	1	4.35E-06
3	2	2	3.60E-06
3	2	3	2.82E-06
3	2	4	2.17E-06
3	2	5	1.68E-06
3	3	0	3.41E-06
3	3	1	3.25E-06
3	3	2	2.82E-06
3	3	3	2.32E-06
3	3	4	1.87E-06
3	3	5	1.50E-06
3	4	0	2.50E-06
3	4	1	2.41E-06
3	4	2	2.17E-06
3	4	3	1.87E-06
3	4	4	1.57E-06
3	4	5	1.30E-06
3	5	0	1.87E-06
3	5	1	1.82E-06
3	5	2	1.68E-06
3	5	3	1.50E-06
3	5	4	1.30E-06
3	5	5	1.10E-06
4	0	0	3.84E-06
4	0	1	3.61E-06
4	0	2	3.09E-06
4	0	3	2.50E-06
4	0	4	1.98E-06
4	0	5	1.56E-06
4	1	0	3.61E-06
4	1	1	3.41E-06
4	1	2	2.96E-06
4	1	3	2.41E-06
4	1	4	1.93E-06
4	1	5	1.53E-06
4	2	0	3.09E-06
4	2	1	2.96E-06
4	2	2	2.60E-06
4	2	3	2.17E-06
4	2	4	1.76E-06
4	2	5	1.43E-06
4	3	0	2.50E-06
4	3	1	2.41E-06
4	3	2	2.17E-06
4	3	3	1.87E-06
4	3	4	1.57E-06
4	3	5	1.30E-06
4	4	0	1.98E-06
4	4	1	1.93E-06
4	4	2	1.76E-06
4	4	3	1.57E-06
4	4	4	1.35E-06
4	4	5	1.14E-06
4	5	0	1.56E-06
4	5	1	1.53E-06
4	5	2	1.43E-06
4	5	3	1.30E-06
4	5	4	1.14E-06
4	5	5	9.91E-07
5	0	0	2.50E-06
5	0	1	2.40E-06
5	0	2	2.17E-06
5	0	3	1.87E-06
5	0	4	1.56E-06
5	0	5	1.29E-06
5	1	0	2.40E-06
5	1	1	2.32E-06
5	1	2	2.10E-06
5	1	3	1.82E-06
5	1	4	1.53E-06
5	1	5	1.27E-06
5	2	0	2.17E-06
5	2	1	2.10E-06
5	2	2	1.93E-06
5	2	3	1.68E-06
5	2	4	1.43E-06
5	2	5	1.20E-06
5	3	0	1.87E-06
5	3	1	1.82E-06
5	3	2	1.68E-06
5	3	3	1.50E-06
5	3	4	1.30E-06
5	3	5	1.10E-06
5	4	0	1.56E-06
5	4	1	1.53E-06
5	4	2	1.43E-06
5	4	3	1.30E-06
5	4	4	1.14E-06
5	4	5	9.91E-07
5	5	0	1.29E-06
5	5	1	1.27E-06
5	5	2	1.20E-06
5	5	3	1.10E-06
5	5	4	9.91E-07
5	5	5	8.76E-07
